80587418820
26291335416
53052567452
68546582240
10728704559
49841387908
48236685400
26343136931
70003278026
96461555705
57453382543
72561448309
73176232724
54966358163
59357586586
44205829769
30912007130
61839589196
17347430128
72567736656
39804397775
91418365573
70407062456
41901127530
42359853474
80328704038
75046612742
29806999299
10819000939
19354353003
59257723193
31248384351
39240194922
70183252612
23718901253
90593999622
90412585168
54651152171
19513664060
63658472783
48522337308
25335160151
23550364504
77832783294
57212931631
35687410807
20956084147
37772628030
57260027195
53898911383
45168728045
57129810284
32789655870
72260936705
85807739337
63052747535
86030857648
24147048596
87782617515
69996690532
47597639209
57282640334
37084208402
38812096694
54912132986
45522894985
80887006717
57756384677
67912060066
86139093302
97009526084
37592783235
98714593429
64510012087
22213605261
69987120037
33876934326
27655704244
43730652155
53407641068
22734639360
15675010951
29236387643
75073300973
90081956130
60669710474
34134840197
17028893456
73672895918
55514125198
27571335365
88634248951
62732370294
12526736081
47964463660
44528025060
15142738707
20083890840
25023106595
34525534881
